
Learning Rate 10, Perplexity 5
          ImageNet  VOC       COCO      SUN       KITTI     
ImageNet  0.00      37.13     54.02     60.70     92.81     
VOC       37.13     0.00      16.89     23.73     58.68     
COCO      54.02     16.89     0.00      7.48      44.74     
SUN       60.70     23.73     7.48      0.00      42.61     
KITTI     92.81     58.68     7.48      42.61     0.00      


Learning Rate 10, Perplexity 7
          ImageNet  VOC       COCO      SUN       KITTI     
ImageNet  0.00      32.47     45.48     50.34     81.41     
VOC       32.47     0.00      13.02     18.17     50.35     
COCO      45.48     13.02     0.00      5.78      38.93     
SUN       50.34     18.17     5.78      0.00      36.91     
KITTI     81.41     50.35     5.78      36.91     0.00      


Learning Rate 10, Perplexity 9
          ImageNet  VOC       COCO      SUN       KITTI     
ImageNet  0.00      30.48     43.60     47.69     82.39     
VOC       30.48     0.00      13.15     17.67     52.04     
COCO      43.60     13.15     0.00      5.43      39.28     
SUN       47.69     17.67     5.43      0.00      36.50     
KITTI     82.39     52.04     5.43      36.50     0.00      


Learning Rate 10, Perplexity 11
          ImageNet  VOC       COCO      SUN       KITTI     
ImageNet  0.00      26.88     38.77     43.69     69.39     
VOC       26.88     0.00      12.92     17.33     42.60     
COCO      38.77     12.92     0.00      5.12      32.67     
SUN       43.69     17.33     5.12      0.00      27.66     
KITTI     69.39     42.60     5.12      27.66     0.00      


Learning Rate 10, Perplexity 13
          ImageNet  VOC       COCO      SUN       KITTI     
ImageNet  0.00      28.37     40.70     45.57     70.11     
VOC       28.37     0.00      13.18     17.20     42.76     
COCO      40.70     13.18     0.00      7.49      34.66     
SUN       45.57     17.20     7.49      0.00      27.32     
KITTI     70.11     42.76     7.49      27.32     0.00      


Learning Rate 10, Perplexity 15
          ImageNet  VOC       COCO      SUN       KITTI     
ImageNet  0.00      28.40     39.21     43.15     69.57     
VOC       28.40     0.00      10.81     15.18     42.52     
COCO      39.21     10.81     0.00      5.45      32.63     
SUN       43.15     15.18     5.45      0.00      27.47     
KITTI     69.57     42.52     5.45      27.47     0.00      


Learning Rate 10, Perplexity 17
          ImageNet  VOC       COCO      SUN       KITTI     
ImageNet  0.00      26.48     36.51     42.82     68.20     
VOC       26.48     0.00      11.48     16.38     41.95     
COCO      36.51     11.48     0.00      10.48     31.92     
SUN       42.82     16.38     10.48     0.00      26.41     
KITTI     68.20     41.95     10.48     26.41     0.00      


Learning Rate 10, Perplexity 19
          ImageNet  VOC       COCO      SUN       KITTI     
ImageNet  0.00      22.56     31.48     34.75     56.47     
VOC       22.56     0.00      8.94      12.27     34.82     
COCO      31.48     8.94      0.00      3.38      27.04     
SUN       34.75     12.27     3.38      0.00      24.79     
KITTI     56.47     34.82     3.38      24.79     0.00      


Learning Rate 10, Perplexity 21
          ImageNet  VOC       COCO      SUN       KITTI     
ImageNet  0.00      22.80     32.95     35.87     58.06     
VOC       22.80     0.00      10.68     13.10     35.34     
COCO      32.95     10.68     0.00      4.24      26.35     
SUN       35.87     13.10     4.24      0.00      22.60     
KITTI     58.06     35.34     4.24      22.60     0.00      


Learning Rate 10, Perplexity 23
          ImageNet  VOC       COCO      SUN       KITTI     
ImageNet  0.00      22.19     31.62     34.12     54.99     
VOC       22.19     0.00      9.58      12.63     33.96     
COCO      31.62     9.58      0.00      3.77      24.65     
SUN       34.12     12.63     3.77      0.00      21.33     
KITTI     54.99     33.96     3.77      21.33     0.00      


Learning Rate 10, Perplexity 25
          ImageNet  VOC       COCO      SUN       KITTI     
ImageNet  0.00      20.66     29.36     32.98     52.86     
VOC       20.66     0.00      8.73      12.47     32.53     
COCO      29.36     8.73      0.00      4.95      24.48     
SUN       32.98     12.47     4.95      0.00      20.07     
KITTI     52.86     32.53     4.95      20.07     0.00      


Learning Rate 10, Perplexity 27
          ImageNet  VOC       COCO      SUN       KITTI     
ImageNet  0.00      19.30     27.51     31.06     49.77     
VOC       19.30     0.00      8.35      11.78     30.47     
COCO      27.51     8.35      0.00      4.43      22.40     
SUN       31.06     11.78     4.43      0.00      18.73     
KITTI     49.77     30.47     4.43      18.73     0.00      


Learning Rate 10, Perplexity 29
          ImageNet  VOC       COCO      SUN       KITTI     
ImageNet  0.00      18.31     26.83     30.42     42.95     
VOC       18.31     0.00      8.53      12.12     26.22     
COCO      26.83     8.53      0.00      3.59      19.75     
SUN       30.42     12.12     3.59      0.00      17.52     
KITTI     42.95     26.22     3.59      17.52     0.00      


Learning Rate 10, Perplexity 31
          ImageNet  VOC       COCO      SUN       KITTI     
ImageNet  0.00      18.10     25.41     28.30     45.50     
VOC       18.10     0.00      7.33      10.93     28.17     
COCO      25.41     7.33      0.00      4.87      21.21     
SUN       28.30     10.93     4.87      0.00      17.31     
KITTI     45.50     28.17     4.87      17.31     0.00      


Learning Rate 10, Perplexity 33
          ImageNet  VOC       COCO      SUN       KITTI     
ImageNet  0.00      16.67     23.89     26.61     39.04     
VOC       16.67     0.00      7.32      9.99      23.26     
COCO      23.89     7.32      0.00      2.75      17.83     
SUN       26.61     9.99      2.75      0.00      15.63     
KITTI     39.04     23.26     2.75      15.63     0.00      


Learning Rate 10, Perplexity 35
          ImageNet  VOC       COCO      SUN       KITTI     
ImageNet  0.00      16.30     21.85     25.38     40.06     
VOC       16.30     0.00      5.67      9.10      23.90     
COCO      21.85     5.67      0.00      3.60      18.25     
SUN       25.38     9.10      3.60      0.00      14.86     
KITTI     40.06     23.90     3.60      14.86     0.00      


Learning Rate 10, Perplexity 37
          ImageNet  VOC       COCO      SUN       KITTI     
ImageNet  0.00      15.83     21.95     23.89     38.48     
VOC       15.83     0.00      6.12      8.07      22.86     
COCO      21.95     6.12      0.00      1.96      16.91     
SUN       23.89     8.07      1.96      0.00      14.97     
KITTI     38.48     22.86     1.96      14.97     0.00      


Learning Rate 10, Perplexity 39
          ImageNet  VOC       COCO      SUN       KITTI     
ImageNet  0.00      15.22     21.60     23.57     37.06     
VOC       15.22     0.00      6.47      8.63      22.50     
COCO      21.60     6.47      0.00      4.39      17.44     
SUN       23.57     8.63      4.39      0.00      13.89     
KITTI     37.06     22.50     4.39      13.89     0.00      


Learning Rate 10, Perplexity 41
          ImageNet  VOC       COCO      SUN       KITTI     
ImageNet  0.00      14.79     20.91     22.71     35.86     
VOC       14.79     0.00      6.62      7.94      21.08     
COCO      20.91     6.62      0.00      4.02      15.63     
SUN       22.71     7.94      4.02      0.00      13.14     
KITTI     35.86     21.08     4.02      13.14     0.00      


Learning Rate 10, Perplexity 43
          ImageNet  VOC       COCO      SUN       KITTI     
ImageNet  0.00      12.81     17.87     21.96     30.18     
VOC       12.81     0.00      5.06      9.27      18.11     
COCO      17.87     5.06      0.00      4.55      13.61     
SUN       21.96     9.27      4.55      0.00      12.20     
KITTI     30.18     18.11     4.55      12.20     0.00      


Learning Rate 10, Perplexity 45
          ImageNet  VOC       COCO      SUN       KITTI     
ImageNet  0.00      12.97     18.20     20.35     29.17     
VOC       12.97     0.00      5.23      8.38      16.21     
COCO      18.20     5.23      0.00      5.41      10.98     
SUN       20.35     8.38      5.41      0.00      10.90     
KITTI     29.17     16.21     5.41      10.90     0.00      


Learning Rate 10, Perplexity 47
          ImageNet  VOC       COCO      SUN       KITTI     
ImageNet  0.00      12.17     17.60     18.77     29.83     
VOC       12.17     0.00      5.43      6.97      18.24     
COCO      17.60     5.43      0.00      2.74      13.29     
SUN       18.77     6.97      2.74      0.00      11.27     
KITTI     29.83     18.24     2.74      11.27     0.00      


Learning Rate 10, Perplexity 49
          ImageNet  VOC       COCO      SUN       KITTI     
ImageNet  0.00      11.60     16.00     18.85     25.71     
VOC       11.60     0.00      4.42      7.30      14.81     
COCO      16.00     4.42      0.00      3.18      10.81     
SUN       18.85     7.30      3.18      0.00      9.77      
KITTI     25.71     14.81     3.18      9.77      0.00      


Learning Rate 15, Perplexity 5
          ImageNet  VOC       COCO      SUN       KITTI     
ImageNet  0.00      37.75     54.80     60.69     95.82     
VOC       37.75     0.00      17.05     23.04     60.08     
COCO      54.80     17.05     0.00      6.76      44.69     
SUN       60.69     23.04     6.76      0.00      41.99     
KITTI     95.82     60.08     6.76      41.99     0.00      


Learning Rate 15, Perplexity 7
          ImageNet  VOC       COCO      SUN       KITTI     
ImageNet  0.00      31.81     45.70     49.78     79.00     
VOC       31.81     0.00      13.89     18.28     48.66     
COCO      45.70     13.89     0.00      5.54      36.32     
SUN       49.78     18.28     5.54      0.00      35.42     
KITTI     79.00     48.66     5.54      35.42     0.00      


Learning Rate 15, Perplexity 9
          ImageNet  VOC       COCO      SUN       KITTI     
ImageNet  0.00      34.25     49.63     53.98     89.13     
VOC       34.25     0.00      16.01     20.01     55.80     
COCO      49.63     16.01     0.00      10.56     43.96     
SUN       53.98     20.01     10.56     0.00      35.89     
KITTI     89.13     55.80     10.56     35.89     0.00      


Learning Rate 15, Perplexity 11
          ImageNet  VOC       COCO      SUN       KITTI     
ImageNet  0.00      31.43     44.97     51.23     78.47     
VOC       31.43     0.00      13.56     20.03     49.17     
COCO      44.97     13.56     0.00      6.86      37.20     
SUN       51.23     20.03     6.86      0.00      30.44     
KITTI     78.47     49.17     6.86      30.44     0.00      


Learning Rate 15, Perplexity 13
          ImageNet  VOC       COCO      SUN       KITTI     
ImageNet  0.00      28.97     40.94     45.94     72.71     
VOC       28.97     0.00      13.54     17.89     43.74     
COCO      40.94     13.54     0.00      5.15      33.54     
SUN       45.94     17.89     5.15      0.00      28.50     
KITTI     72.71     43.74     5.15      28.50     0.00      


Learning Rate 15, Perplexity 15
          ImageNet  VOC       COCO      SUN       KITTI     
ImageNet  0.00      28.87     40.82     47.36     73.78     
VOC       28.87     0.00      12.27     18.49     45.54     
COCO      40.82     12.27     0.00      7.43      35.56     
SUN       47.36     18.49     7.43      0.00      28.13     
KITTI     73.78     45.54     7.43      28.13     0.00      


Learning Rate 15, Perplexity 17
          ImageNet  VOC       COCO      SUN       KITTI     
ImageNet  0.00      27.13     38.50     43.96     70.67     
VOC       27.13     0.00      11.46     17.13     43.95     
COCO      38.50     11.46     0.00      7.89      33.56     
SUN       43.96     17.13     7.89      0.00      26.83     
KITTI     70.67     43.95     7.89      26.83     0.00      


Learning Rate 15, Perplexity 19
          ImageNet  VOC       COCO      SUN       KITTI     
ImageNet  0.00      25.16     33.59     40.18     64.56     
VOC       25.16     0.00      8.60      15.03     39.47     
COCO      33.59     8.60      0.00      7.09      30.97     
SUN       40.18     15.03     7.09      0.00      24.65     
KITTI     64.56     39.47     7.09      24.65     0.00      


Learning Rate 15, Perplexity 21
          ImageNet  VOC       COCO      SUN       KITTI     
ImageNet  0.00      25.17     35.71     38.81     62.71     
VOC       25.17     0.00      10.98     13.65     37.82     
COCO      35.71     10.98     0.00      5.28      28.91     
SUN       38.81     13.65     5.28      0.00      24.44     
KITTI     62.71     37.82     5.28      24.44     0.00      


Learning Rate 15, Perplexity 23
          ImageNet  VOC       COCO      SUN       KITTI     
ImageNet  0.00      21.55     30.45     34.58     51.39     
VOC       21.55     0.00      8.92      13.04     31.19     
COCO      30.45     8.92      0.00      4.12      23.89     
SUN       34.58     13.04     4.12      0.00      20.78     
KITTI     51.39     31.19     4.12      20.78     0.00      


Learning Rate 15, Perplexity 25
          ImageNet  VOC       COCO      SUN       KITTI     
ImageNet  0.00      22.48     31.48     35.45     56.79     
VOC       22.48     0.00      9.74      12.99     34.41     
COCO      31.48     9.74      0.00      5.36      25.47     
SUN       35.45     12.99     5.36      0.00      21.43     
KITTI     56.79     34.41     5.36      21.43     0.00      


Learning Rate 15, Perplexity 27
          ImageNet  VOC       COCO      SUN       KITTI     
ImageNet  0.00      20.75     29.66     33.51     51.23     
VOC       20.75     0.00      8.92      12.87     31.61     
COCO      29.66     8.92      0.00      4.58      24.04     
SUN       33.51     12.87     4.58      0.00      19.46     
KITTI     51.23     31.61     4.58      19.46     0.00      


Learning Rate 15, Perplexity 29
          ImageNet  VOC       COCO      SUN       KITTI     
ImageNet  0.00      20.27     28.69     31.87     49.87     
VOC       20.27     0.00      8.43      11.68     30.31     
COCO      28.69     8.43      0.00      3.54      22.55     
SUN       31.87     11.68     3.54      0.00      19.01     
KITTI     49.87     30.31     3.54      19.01     0.00      


Learning Rate 15, Perplexity 31
          ImageNet  VOC       COCO      SUN       KITTI     
ImageNet  0.00      18.46     26.27     28.53     45.62     
VOC       18.46     0.00      8.29      10.09     27.32     
COCO      26.27     8.29      0.00      4.60      20.84     
SUN       28.53     10.09     4.60      0.00      17.32     
KITTI     45.62     27.32     4.60      17.32     0.00      


Learning Rate 15, Perplexity 33
          ImageNet  VOC       COCO      SUN       KITTI     
ImageNet  0.00      17.74     24.81     27.09     42.47     
VOC       17.74     0.00      7.40      9.43      25.13     
COCO      24.81     7.40      0.00      4.71      19.66     
SUN       27.09     9.43      4.71      0.00      15.81     
KITTI     42.47     25.13     4.71      15.81     0.00      


Learning Rate 15, Perplexity 35
          ImageNet  VOC       COCO      SUN       KITTI     
ImageNet  0.00      17.65     23.56     28.03     43.86     
VOC       17.65     0.00      6.86      10.47     26.31     
COCO      23.56     6.86      0.00      5.26      20.50     
SUN       28.03     10.47     5.26      0.00      15.85     
KITTI     43.86     26.31     5.26      15.85     0.00      


Learning Rate 15, Perplexity 37
          ImageNet  VOC       COCO      SUN       KITTI     
ImageNet  0.00      15.59     21.34     23.90     35.93     
VOC       15.59     0.00      5.76      8.64      20.51     
COCO      21.34     5.76      0.00      3.43      15.05     
SUN       23.90     8.64      3.43      0.00      13.85     
KITTI     35.93     20.51     3.43      13.85     0.00      


Learning Rate 15, Perplexity 39
          ImageNet  VOC       COCO      SUN       KITTI     
ImageNet  0.00      15.21     19.72     23.41     37.79     
VOC       15.21     0.00      4.61      8.21      22.59     
COCO      19.72     4.61      0.00      4.09      18.08     
SUN       23.41     8.21      4.09      0.00      14.49     
KITTI     37.79     22.59     4.09      14.49     0.00      


Learning Rate 15, Perplexity 41
          ImageNet  VOC       COCO      SUN       KITTI     
ImageNet  0.00      14.66     20.57     22.81     36.36     
VOC       14.66     0.00      6.24      8.15      21.74     
COCO      20.57     6.24      0.00      3.52      15.89     
SUN       22.81     8.15      3.52      0.00      13.67     
KITTI     36.36     21.74     3.52      13.67     0.00      


Learning Rate 15, Perplexity 43
          ImageNet  VOC       COCO      SUN       KITTI     
ImageNet  0.00      13.90     19.97     22.27     32.49     
VOC       13.90     0.00      6.29      8.37      19.33     
COCO      19.97     6.29      0.00      3.20      15.33     
SUN       22.27     8.37      3.20      0.00      12.13     
KITTI     32.49     19.33     3.20      12.13     0.00      


Learning Rate 15, Perplexity 45
          ImageNet  VOC       COCO      SUN       KITTI     
ImageNet  0.00      13.20     18.63     20.49     32.50     
VOC       13.20     0.00      5.44      7.61      19.59     
COCO      18.63     5.44      0.00      3.62      14.63     
SUN       20.49     7.61      3.62      0.00      12.04     
KITTI     32.50     19.59     3.62      12.04     0.00      


Learning Rate 15, Perplexity 47
          ImageNet  VOC       COCO      SUN       KITTI     
ImageNet  0.00      12.48     17.57     19.84     28.15     
VOC       12.48     0.00      5.20      7.53      15.95     
COCO      17.57     5.20      0.00      2.33      11.77     
SUN       19.84     7.53      2.33      0.00      10.34     
KITTI     28.15     15.95     2.33      10.34     0.00      


Learning Rate 15, Perplexity 49
          ImageNet  VOC       COCO      SUN       KITTI     
ImageNet  0.00      11.04     16.78     17.95     24.67     
VOC       11.04     0.00      6.32      6.93      14.48     
COCO      16.78     6.32      0.00      3.13      12.66     
SUN       17.95     6.93      3.13      0.00      9.55      
KITTI     24.67     14.48     3.13      9.55      0.00      


Learning Rate 20, Perplexity 5
          ImageNet  VOC       COCO      SUN       KITTI     
ImageNet  0.00      38.54     56.32     62.50     100.14    
VOC       38.54     0.00      17.83     23.98     63.28     
COCO      56.32     17.83     0.00      6.74      46.44     
SUN       62.50     23.98     6.74      0.00      42.52     
KITTI     100.14    63.28     6.74      42.52     0.00      


Learning Rate 20, Perplexity 7
          ImageNet  VOC       COCO      SUN       KITTI     
ImageNet  0.00      36.63     50.90     57.36     92.44     
VOC       36.63     0.00      14.27     20.93     57.01     
COCO      50.90     14.27     0.00      7.28      43.73     
SUN       57.36     20.93     7.28      0.00      39.89     
KITTI     92.44     57.01     7.28      39.89     0.00      


Learning Rate 20, Perplexity 9
          ImageNet  VOC       COCO      SUN       KITTI     
ImageNet  0.00      35.83     50.44     56.54     93.03     
VOC       35.83     0.00      15.77     20.80     57.49     
COCO      50.44     15.77     0.00      11.57     45.66     
SUN       56.54     20.80     11.57     0.00      36.72     
KITTI     93.03     57.49     11.57     36.72     0.00      


Learning Rate 20, Perplexity 11
          ImageNet  VOC       COCO      SUN       KITTI     
ImageNet  0.00      32.06     45.70     50.21     77.59     
VOC       32.06     0.00      13.67     18.53     46.49     
COCO      45.70     13.67     0.00      5.52      34.36     
SUN       50.21     18.53     5.52      0.00      32.50     
KITTI     77.59     46.49     5.52      32.50     0.00      


Learning Rate 20, Perplexity 13
          ImageNet  VOC       COCO      SUN       KITTI     
ImageNet  0.00      29.50     44.02     50.13     71.30     
VOC       29.50     0.00      14.67     20.70     44.67     
COCO      44.02     14.67     0.00      7.73      35.33     
SUN       50.13     20.70     7.73      0.00      27.81     
KITTI     71.30     44.67     7.73      27.81     0.00      


Learning Rate 20, Perplexity 15
          ImageNet  VOC       COCO      SUN       KITTI     
ImageNet  0.00      28.16     42.32     45.37     68.00     
VOC       28.16     0.00      15.73     17.86     40.61     
COCO      42.32     15.73     0.00      4.15      32.71     
SUN       45.37     17.86     4.15      0.00      28.58     
KITTI     68.00     40.61     4.15      28.58     0.00      


Learning Rate 20, Perplexity 17
          ImageNet  VOC       COCO      SUN       KITTI     
ImageNet  0.00      28.03     38.51     44.19     68.91     
VOC       28.03     0.00      10.49     16.33     42.36     
COCO      38.51     10.49     0.00      6.08      32.77     
SUN       44.19     16.33     6.08      0.00      26.76     
KITTI     68.91     42.36     6.08      26.76     0.00      


Learning Rate 20, Perplexity 19
          ImageNet  VOC       COCO      SUN       KITTI     
ImageNet  0.00      25.74     37.12     39.33     67.50     
VOC       25.74     0.00      11.38     15.13     42.03     
COCO      37.12     11.38     0.00      8.58      31.00     
SUN       39.33     15.13     8.58      0.00      28.58     
KITTI     67.50     42.03     8.58      28.58     0.00      


Learning Rate 20, Perplexity 21
          ImageNet  VOC       COCO      SUN       KITTI     
ImageNet  0.00      24.25     34.10     38.27     57.59     
VOC       24.25     0.00      10.30     14.96     33.66     
COCO      34.10     10.30     0.00      4.83      25.59     
SUN       38.27     14.96     4.83      0.00      23.81     
KITTI     57.59     33.66     4.83      23.81     0.00      


Learning Rate 20, Perplexity 23
          ImageNet  VOC       COCO      SUN       KITTI     
ImageNet  0.00      22.03     32.94     34.71     58.06     
VOC       22.03     0.00      11.57     12.81     36.11     
COCO      32.94     11.57     0.00      7.32      26.78     
SUN       34.71     12.81     7.32      0.00      23.35     
KITTI     58.06     36.11     7.32      23.35     0.00      


Learning Rate 20, Perplexity 25
          ImageNet  VOC       COCO      SUN       KITTI     
ImageNet  0.00      21.91     31.67     33.77     54.13     
VOC       21.91     0.00      9.81      12.62     33.24     
COCO      31.67     9.81      0.00      6.79      25.20     
SUN       33.77     12.62     6.79      0.00      20.64     
KITTI     54.13     33.24     6.79      20.64     0.00      


Learning Rate 20, Perplexity 27
          ImageNet  VOC       COCO      SUN       KITTI     
ImageNet  0.00      22.08     31.08     34.81     54.97     
VOC       22.08     0.00      9.64      12.73     32.90     
COCO      31.08     9.64      0.00      6.01      24.69     
SUN       34.81     12.73     6.01      0.00      20.17     
KITTI     54.97     32.90     6.01      20.17     0.00      


Learning Rate 20, Perplexity 29
          ImageNet  VOC       COCO      SUN       KITTI     
ImageNet  0.00      19.91     28.38     30.39     48.37     
VOC       19.91     0.00      8.50      11.24     29.57     
COCO      28.38     8.50      0.00      4.41      21.70     
SUN       30.39     11.24     4.41      0.00      18.34     
KITTI     48.37     29.57     4.41      18.34     0.00      


Learning Rate 20, Perplexity 31
          ImageNet  VOC       COCO      SUN       KITTI     
ImageNet  0.00      19.04     27.88     29.49     47.10     
VOC       19.04     0.00      8.85      11.18     29.06     
COCO      27.88     8.85      0.00      5.39      21.45     
SUN       29.49     11.18     5.39      0.00      17.89     
KITTI     47.10     29.06     5.39      17.89     0.00      


Learning Rate 20, Perplexity 33
          ImageNet  VOC       COCO      SUN       KITTI     
ImageNet  0.00      18.98     25.34     31.07     41.21     
VOC       18.98     0.00      7.21      12.70     22.85     
COCO      25.34     7.21      0.00      5.74      19.33     
SUN       31.07     12.70     5.74      0.00      16.02     
KITTI     41.21     22.85     5.74      16.02     0.00      


Learning Rate 20, Perplexity 35
          ImageNet  VOC       COCO      SUN       KITTI     
ImageNet  0.00      15.27     22.31     24.64     36.61     
VOC       15.27     0.00      7.04      9.41      22.29     
COCO      22.31     7.04      0.00      2.57      16.21     
SUN       24.64     9.41      2.57      0.00      15.19     
KITTI     36.61     22.29     2.57      15.19     0.00      


Learning Rate 20, Perplexity 37
          ImageNet  VOC       COCO      SUN       KITTI     
ImageNet  0.00      17.40     22.01     23.83     39.06     
VOC       17.40     0.00      4.64      8.09      21.82     
COCO      22.01     4.64      0.00      5.29      17.19     
SUN       23.83     8.09      5.29      0.00      15.84     
KITTI     39.06     21.82     5.29      15.84     0.00      


Learning Rate 20, Perplexity 39
          ImageNet  VOC       COCO      SUN       KITTI     
ImageNet  0.00      14.98     21.64     23.59     36.68     
VOC       14.98     0.00      7.45      8.62      21.88     
COCO      21.64     7.45      0.00      4.58      17.29     
SUN       23.59     8.62      4.58      0.00      13.56     
KITTI     36.68     21.88     4.58      13.56     0.00      


Learning Rate 20, Perplexity 41
          ImageNet  VOC       COCO      SUN       KITTI     
ImageNet  0.00      14.81     20.02     22.29     34.43     
VOC       14.81     0.00      5.38      8.09      19.64     
COCO      20.02     5.38      0.00      2.97      14.76     
SUN       22.29     8.09      2.97      0.00      13.48     
KITTI     34.43     19.64     2.97      13.48     0.00      


Learning Rate 20, Perplexity 43
          ImageNet  VOC       COCO      SUN       KITTI     
ImageNet  0.00      13.17     18.35     20.79     33.72     
VOC       13.17     0.00      5.19      7.63      20.56     
COCO      18.35     5.19      0.00      2.52      15.42     
SUN       20.79     7.63      2.52      0.00      12.94     
KITTI     33.72     20.56     2.52      12.94     0.00      


Learning Rate 20, Perplexity 45
          ImageNet  VOC       COCO      SUN       KITTI     
ImageNet  0.00      12.21     18.13     19.92     29.69     
VOC       12.21     0.00      5.92      7.72      18.32     
COCO      18.13     5.92      0.00      1.81      13.25     
SUN       19.92     7.72      1.81      0.00      11.69     
KITTI     29.69     18.32     1.81      11.69     0.00      


Learning Rate 20, Perplexity 47
          ImageNet  VOC       COCO      SUN       KITTI     
ImageNet  0.00      12.22     16.58     18.91     27.71     
VOC       12.22     0.00      4.44      6.71      16.14     
COCO      16.58     4.44      0.00      2.85      11.86     
SUN       18.91     6.71      2.85      0.00      10.93     
KITTI     27.71     16.14     2.85      10.93     0.00      


Learning Rate 20, Perplexity 49
          ImageNet  VOC       COCO      SUN       KITTI     
ImageNet  0.00      11.68     16.60     18.37     28.80     
VOC       11.68     0.00      4.96      7.49      17.12     
COCO      16.60     4.96      0.00      5.13      12.29     
SUN       18.37     7.49      5.13      0.00      11.45     
KITTI     28.80     17.12     5.13      11.45     0.00      


Learning Rate 25, Perplexity 5
          ImageNet  VOC       COCO      SUN       KITTI     
ImageNet  0.00      40.46     59.20     66.42     103.85    
VOC       40.46     0.00      18.74     26.08     66.31     
COCO      59.20     18.74     0.00      8.08      50.15     
SUN       66.42     26.08     8.08      0.00      47.29     
KITTI     103.85    66.31     8.08      47.29     0.00      


Learning Rate 25, Perplexity 7
          ImageNet  VOC       COCO      SUN       KITTI     
ImageNet  0.00      35.67     50.25     56.84     89.16     
VOC       35.67     0.00      14.59     21.40     55.07     
COCO      50.25     14.59     0.00      7.86      41.67     
SUN       56.84     21.40     7.86      0.00      38.85     
KITTI     89.16     55.07     7.86      38.85     0.00      


Learning Rate 25, Perplexity 9
          ImageNet  VOC       COCO      SUN       KITTI     
ImageNet  0.00      35.23     49.82     53.97     86.56     
VOC       35.23     0.00      14.74     19.10     51.94     
COCO      49.82     14.74     0.00      4.53      38.91     
SUN       53.97     19.10     4.53      0.00      36.18     
KITTI     86.56     51.94     4.53      36.18     0.00      


Learning Rate 25, Perplexity 11
          ImageNet  VOC       COCO      SUN       KITTI     
ImageNet  0.00      34.36     48.47     53.31     86.75     
VOC       34.36     0.00      14.20     19.31     52.60     
COCO      48.47     14.20     0.00      7.95      39.09     
SUN       53.31     19.31     7.95      0.00      33.44     
KITTI     86.75     52.60     7.95      33.44     0.00      


Learning Rate 25, Perplexity 13
          ImageNet  VOC       COCO      SUN       KITTI     
ImageNet  0.00      30.32     42.57     46.83     76.56     
VOC       30.32     0.00      12.34     16.54     46.44     
COCO      42.57     12.34     0.00      5.35      34.10     
SUN       46.83     16.54     5.35      0.00      30.56     
KITTI     76.56     46.44     5.35      30.56     0.00      


Learning Rate 25, Perplexity 15
          ImageNet  VOC       COCO      SUN       KITTI     
ImageNet  0.00      29.21     43.30     48.09     71.69     
VOC       29.21     0.00      14.19     19.07     45.54     
COCO      43.30     14.19     0.00      7.37      36.39     
SUN       48.09     19.07     7.37      0.00      29.02     
KITTI     71.69     45.54     7.37      29.02     0.00      


Learning Rate 25, Perplexity 17
          ImageNet  VOC       COCO      SUN       KITTI     
ImageNet  0.00      27.65     37.37     43.58     70.15     
VOC       27.65     0.00      10.25     16.11     42.50     
COCO      37.37     10.25     0.00      6.34      33.09     
SUN       43.58     16.11     6.34      0.00      26.76     
KITTI     70.15     42.50     6.34      26.76     0.00      


Learning Rate 25, Perplexity 19
          ImageNet  VOC       COCO      SUN       KITTI     
ImageNet  0.00      23.86     34.36     38.79     58.52     
VOC       23.86     0.00      10.52     15.19     37.68     
COCO      34.36     10.52     0.00      5.07      29.35     
SUN       38.79     15.19     5.07      0.00      24.51     
KITTI     58.52     37.68     5.07      24.51     0.00      


Learning Rate 25, Perplexity 21
          ImageNet  VOC       COCO      SUN       KITTI     
ImageNet  0.00      23.29     32.97     37.39     57.53     
VOC       23.29     0.00      9.69      14.10     35.59     
COCO      32.97     9.69      0.00      4.45      26.97     
SUN       37.39     14.10     4.45      0.00      23.74     
KITTI     57.53     35.59     4.45      23.74     0.00      


Learning Rate 25, Perplexity 23
          ImageNet  VOC       COCO      SUN       KITTI     
ImageNet  0.00      23.54     33.96     36.39     60.23     
VOC       23.54     0.00      10.46     15.28     36.91     
COCO      33.96     10.46     0.00      9.03      26.47     
SUN       36.39     15.28     9.03      0.00      25.24     
KITTI     60.23     36.91     9.03      25.24     0.00      


Learning Rate 25, Perplexity 25
          ImageNet  VOC       COCO      SUN       KITTI     
ImageNet  0.00      24.07     31.63     36.55     57.08     
VOC       24.07     0.00      7.57      12.65     33.10     
COCO      31.63     7.57      0.00      5.24      25.68     
SUN       36.55     12.65     5.24      0.00      21.40     
KITTI     57.08     33.10     5.24      21.40     0.00      


Learning Rate 25, Perplexity 27
          ImageNet  VOC       COCO      SUN       KITTI     
ImageNet  0.00      20.66     28.47     32.73     52.77     
VOC       20.66     0.00      8.53      12.36     32.33     
COCO      28.47     8.53      0.00      4.43      24.33     
SUN       32.73     12.36     4.43      0.00      20.05     
KITTI     52.77     32.33     4.43      20.05     0.00      


Learning Rate 25, Perplexity 29
          ImageNet  VOC       COCO      SUN       KITTI     
ImageNet  0.00      19.93     27.55     31.39     47.63     
VOC       19.93     0.00      7.67      12.93     27.76     
COCO      27.55     7.67      0.00      8.95      20.37     
SUN       31.39     12.93     8.95      0.00      17.66     
KITTI     47.63     27.76     8.95      17.66     0.00      


Learning Rate 25, Perplexity 31
          ImageNet  VOC       COCO      SUN       KITTI     
ImageNet  0.00      17.88     26.31     26.71     42.74     
VOC       17.88     0.00      8.45      8.83      25.56     
COCO      26.31     8.45      0.00      0.88      18.35     
SUN       26.71     8.83      0.88      0.00      17.59     
KITTI     42.74     25.56     0.88      17.59     0.00      


Learning Rate 25, Perplexity 33
          ImageNet  VOC       COCO      SUN       KITTI     
ImageNet  0.00      17.18     25.64     26.90     42.26     
VOC       17.18     0.00      9.01      9.90      25.71     
COCO      25.64     9.01      0.00      6.23      20.33     
SUN       26.90     9.90      6.23      0.00      15.92     
KITTI     42.26     25.71     6.23      15.92     0.00      


Learning Rate 25, Perplexity 35
          ImageNet  VOC       COCO      SUN       KITTI     
ImageNet  0.00      16.02     23.11     24.80     37.25     
VOC       16.02     0.00      7.09      8.80      22.48     
COCO      23.11     7.09      0.00      1.80      16.60     
SUN       24.80     8.80      1.80      0.00      14.92     
KITTI     37.25     22.48     1.80      14.92     0.00      


Learning Rate 25, Perplexity 37
          ImageNet  VOC       COCO      SUN       KITTI     
ImageNet  0.00      16.45     23.56     25.58     39.46     
VOC       16.45     0.00      7.15      9.76      24.78     
COCO      23.56     7.15      0.00      3.72      18.67     
SUN       25.58     9.76      3.72      0.00      15.19     
KITTI     39.46     24.78     3.72      15.19     0.00      


Learning Rate 25, Perplexity 39
          ImageNet  VOC       COCO      SUN       KITTI     
ImageNet  0.00      14.14     20.56     22.11     34.61     
VOC       14.14     0.00      6.43      8.11      20.58     
COCO      20.56     6.43      0.00      2.38      14.28     
SUN       22.11     8.11      2.38      0.00      13.47     
KITTI     34.61     20.58     2.38      13.47     0.00      


Learning Rate 25, Perplexity 41
          ImageNet  VOC       COCO      SUN       KITTI     
ImageNet  0.00      14.93     21.31     23.00     35.83     
VOC       14.93     0.00      6.38      8.55      21.82     
COCO      21.31     6.38      0.00      4.04      16.51     
SUN       23.00     8.55      4.04      0.00      13.28     
KITTI     35.83     21.82     4.04      13.28     0.00      


Learning Rate 25, Perplexity 43
          ImageNet  VOC       COCO      SUN       KITTI     
ImageNet  0.00      13.61     19.34     22.21     30.37     
VOC       13.61     0.00      5.77      10.23     16.76     
COCO      19.34     5.77      0.00      8.00      11.12     
SUN       22.21     10.23     8.00      0.00      11.28     
KITTI     30.37     16.76     8.00      11.28     0.00      


Learning Rate 25, Perplexity 45
          ImageNet  VOC       COCO      SUN       KITTI     
ImageNet  0.00      13.53     18.17     21.38     29.78     
VOC       13.53     0.00      4.96      8.32      16.45     
COCO      18.17     4.96      0.00      6.26      11.62     
SUN       21.38     8.32      6.26      0.00      11.11     
KITTI     29.78     16.45     6.26      11.11     0.00      


Learning Rate 25, Perplexity 47
          ImageNet  VOC       COCO      SUN       KITTI     
ImageNet  0.00      12.99     17.34     19.81     30.51     
VOC       12.99     0.00      4.35      7.19      17.55     
COCO      17.34     4.35      0.00      3.68      13.24     
SUN       19.81     7.19      3.68      0.00      10.91     
KITTI     30.51     17.55     3.68      10.91     0.00      


Learning Rate 25, Perplexity 49
          ImageNet  VOC       COCO      SUN       KITTI     
ImageNet  0.00      11.79     16.73     17.82     28.11     
VOC       11.79     0.00      4.96      6.15      16.62     
COCO      16.73     4.96      0.00      2.17      12.16     
SUN       17.82     6.15      2.17      0.00      10.48     
KITTI     28.11     16.62     2.17      10.48     0.00      


Learning Rate 30, Perplexity 5
          ImageNet  VOC       COCO      SUN       KITTI     
ImageNet  0.00      40.12     58.68     65.72     101.91    
VOC       40.12     0.00      18.60     25.66     66.11     
COCO      58.68     18.60     0.00      7.92      50.77     
SUN       65.72     25.66     7.92      0.00      48.90     
KITTI     101.91    66.11     7.92      48.90     0.00      


Learning Rate 30, Perplexity 7
          ImageNet  VOC       COCO      SUN       KITTI     
ImageNet  0.00      40.04     57.05     63.27     94.69     
VOC       40.04     0.00      17.02     26.66     56.12     
COCO      57.05     17.02     0.00      16.20     40.93     
SUN       63.27     26.66     16.20     0.00      47.76     
KITTI     94.69     56.12     16.20     47.76     0.00      


Learning Rate 30, Perplexity 9
          ImageNet  VOC       COCO      SUN       KITTI     
ImageNet  0.00      34.60     50.52     54.47     92.23     
VOC       34.60     0.00      15.92     22.03     57.78     
COCO      50.52     15.92     0.00      12.42     41.96     
SUN       54.47     22.03     12.42     0.00      43.01     
KITTI     92.23     57.78     12.42     43.01     0.00      


Learning Rate 30, Perplexity 11
          ImageNet  VOC       COCO      SUN       KITTI     
ImageNet  0.00      32.58     47.04     50.10     86.86     
VOC       32.58     0.00      16.13     17.65     54.42     
COCO      47.04     16.13     0.00      11.71     40.43     
SUN       50.10     17.65     11.71     0.00      37.64     
KITTI     86.86     54.42     11.71     37.64     0.00      


Learning Rate 30, Perplexity 13
          ImageNet  VOC       COCO      SUN       KITTI     
ImageNet  0.00      28.78     40.62     46.34     76.66     
VOC       28.78     0.00      13.76     17.92     48.33     
COCO      40.62     13.76     0.00      7.37      36.22     
SUN       46.34     17.92     7.37      0.00      30.42     
KITTI     76.66     48.33     7.37      30.42     0.00      


Learning Rate 30, Perplexity 15
          ImageNet  VOC       COCO      SUN       KITTI     
ImageNet  0.00      30.38     44.50     46.89     81.39     
VOC       30.38     0.00      14.13     18.30     51.89     
COCO      44.50     14.13     0.00      10.24     38.80     
SUN       46.89     18.30     10.24     0.00      34.52     
KITTI     81.39     51.89     10.24     34.52     0.00      


Learning Rate 30, Perplexity 17
          ImageNet  VOC       COCO      SUN       KITTI     
ImageNet  0.00      29.71     39.59     46.48     67.51     
VOC       29.71     0.00      10.13     16.79     39.93     
COCO      39.59     10.13     0.00      7.78      30.19     
SUN       46.48     16.79     7.78      0.00      27.12     
KITTI     67.51     39.93     7.78      27.12     0.00      


Learning Rate 30, Perplexity 19
          ImageNet  VOC       COCO      SUN       KITTI     
ImageNet  0.00      26.37     36.88     41.04     64.17     
VOC       26.37     0.00      11.28     14.67     38.43     
COCO      36.88     11.28     0.00      6.75      30.91     
SUN       41.04     14.67     6.75      0.00      24.59     
KITTI     64.17     38.43     6.75      24.59     0.00      


