import numpy

A = [[0.97, 0.03, 0.  , 0.  ],
    [0.04 ,0.96 ,0.   ,0.  ],
    [0.01 ,0.   ,0.97 ,0.01],
    [0.   ,0.   ,0.02 ,0.98]]

B = [[0.97, 0.03, 0.  , 0.  ],
    [0.05 ,0.95 ,0.   ,0.  ],
    [0.   ,0.   ,0.96 ,0.04],
    [0.   ,0.   ,0.02 ,0.98]]

C = [[0.96, 0.04, 0.  , 0.  ],
    [0.05 ,0.95 ,0.   ,0.  ],
    [0.   ,0.   ,0.97 ,0.03],
    [0.   ,0.   ,0.03 ,0.97]]

D = [[0.97, 0.03, 0.   ,0.  ],
    [0.03 ,0.97 ,0.   ,0.  ],
    [0.   ,0.01 ,0.97 ,0.02],
    [0.   ,0.   ,0.04 ,0.96]]

E = [[0.97, 0.03, 0.  , 0.  ],
    [0.02 ,0.98 ,0.   ,0.  ],
    [0.01 ,0.01 ,0.96 ,0.03],
    [0.   ,0.   ,0.03 ,0.96]]

F = [[0.96, 0.04, 0.  , 0.  ],
    [0.03 ,0.97 ,0.   ,0.  ],
    [0.   ,0.   ,0.96 ,0.03],
    [0.   ,0.   ,0.04 ,0.96]]

G = [[0.98, 0.02, 0.   ,0.  ],
    [0.05 ,0.95 ,0.   ,0.  ],
    [0.01 ,0.   ,0.96 ,0.02],
    [0.   ,0.   ,0.04 ,0.96]]

H = [[0.97, 0.03, 0.  , 0.  ],
    [0.04 ,0.96 ,0.   ,0.  ],
    [0.   ,0.   ,0.97 ,0.02],
    [0.   ,0.   ,0.03 ,0.97]]

I = [[0.97, 0.03, 0.  , 0.  ],
    [0.04 ,0.96 ,0.   ,0.  ],
    [0.01 ,0.   ,0.98 ,0.01],
    [0.   ,0.   ,0.03 ,0.97]]

J = [[0.96, 0.04, 0.  , 0.  ],
    [0.04 ,0.96 ,0.   ,0.  ],
    [0.   ,0.   ,0.96 ,0.04],
    [0.   ,0.01 ,0.03 ,0.96]]

K = [[0.98, 0.02, 0.  , 0.  ],
    [0.05 ,0.95 ,0.   ,0.  ],
    [0.   ,0.   ,0.97 ,0.03],
    [0.   ,0.   ,0.02 ,0.98]]

L = [[0.97, 0.03, 0.  , 0.  ],
    [0.04 ,0.96 ,0.   ,0.  ],
    [0.01 ,0.   ,0.97 ,0.01],
    [0.   ,0.   ,0.04 ,0.96]]

M = [[0.97, 0.03, 0.  , 0.  ],
    [0.04 ,0.96 ,0.   ,0.  ],
    [0.01 ,0.   ,0.96 ,0.03],
    [0.   ,0.   ,0.02 ,0.97]]

N = [[0.98, 0.02, 0.  , 0.  ],
    [0.05 ,0.95 ,0.   ,0.  ],
    [0.   ,0.   ,0.98 ,0.02],
    [0.   ,0.01 ,0.02 ,0.97]]

O = [[0.94, 0.06, 0.  , 0.  ],
    [0.05 ,0.95 ,0.   ,0.  ],
    [0.   ,0.01 ,0.98 ,0.01],
    [0.   ,0.   ,0.02 ,0.97]]

P = [[0.97, 0.03, 0.  , 0.  ],
    [0.05, 0.95 ,0.   ,0.  ],
    [0.   ,0.   ,0.98 ,0.02],
    [0.   ,0.   ,0.02 ,0.98]]

re = [[0,0,0,0], 
     [0,0,0,0],
     [0,0,0,0],
     [0,0,0,0]]


for i in range(len(A)):    
    for j in range(len(A[0])): 
        re[i][j] = A[i][j] + B[i][j] + C[i][j] + D[i][j] + E[i][j] + F[i][j] + G[i][j] + H[i][j] + I[i][j] + J[i][j] + K[i][j] + L[i][j] + M[i][j] + N[i][j] + O[i][j] + P[i][j]# + Q[i][j] + R[i][j] + S[i][j]
for i in range(len(re)):
    for j in range(len(re[0])):
        re[i][j] = re[i][j] / 16

#numpy.matrix.round(re, 2)

for z in re: 
    print(z)
