
Learning Rate 10, Perplexity 5
          CAM2      INRIA     VOC       COCO      SUN       KITTI     Caltech   
CAM2      0.00      35.89     40.12     36.61     41.82     67.65     45.89     
INRIA     35.89     0.00      4.36      1.58      14.67     65.53     62.45     
VOC       40.12     4.36      0.00      3.53      13.14     65.45     64.63     
COCO      36.61     1.58      3.53      0.00      13.13     64.29     61.91     
SUN       41.82     14.67     13.14     13.13     0.00      52.71     55.82     
KITTI     67.65     65.53     65.45     64.29     52.71     0.00      34.44     
Caltech   45.89     62.45     64.63     61.91     55.82     34.44     0.00      


Learning Rate 10, Perplexity 8
          CAM2      INRIA     VOC       COCO      SUN       KITTI     Caltech   
CAM2      0.00      29.54     31.79     28.37     35.17     57.04     39.07     
INRIA     29.54     0.00      2.53      1.18      11.68     54.99     53.55     
VOC       31.79     2.53      0.00      3.64      9.98      54.33     54.32     
COCO      28.37     1.18      3.64      0.00      12.23     54.90     52.83     
SUN       35.17     11.68     9.98      12.23     0.00      45.35     49.50     
KITTI     57.04     54.99     54.33     54.90     45.35     0.00      30.86     
Caltech   39.07     53.55     54.32     52.83     49.50     30.86     0.00      


Learning Rate 10, Perplexity 11
          CAM2      INRIA     VOC       COCO      SUN       KITTI     Caltech   
CAM2      0.00      48.98     37.00     39.64     38.77     62.64     56.91     
INRIA     48.98     0.00      12.26     9.38      11.20     39.79     45.75     
VOC       37.00     12.26     0.00      3.07      6.55      43.58     46.20     
COCO      39.64     9.38      3.07      0.00      5.01      41.53     44.87     
SUN       38.77     11.20     6.55      5.01      0.00      37.03     39.92     
KITTI     62.64     39.79     43.58     41.53     37.03     0.00      12.88     
Caltech   56.91     45.75     46.20     44.87     39.92     12.88     0.00      


Learning Rate 10, Perplexity 14
          CAM2      INRIA     VOC       COCO      SUN       KITTI     Caltech   
CAM2      0.00      45.90     35.18     37.03     36.97     57.17     51.09     
INRIA     45.90     0.00      10.86     8.96      10.62     39.62     44.06     
VOC       35.18     10.86     0.00      1.90      6.78      41.34     42.95     
COCO      37.03     8.96      1.90      0.00      6.26      40.72     42.83     
SUN       36.97     10.62     6.78      6.26      0.00      34.58     36.60     
KITTI     57.17     39.62     41.34     40.72     34.58     0.00      11.37     
Caltech   51.09     44.06     42.95     42.83     36.60     11.37     0.00      


Learning Rate 10, Perplexity 17
          CAM2      INRIA     VOC       COCO      SUN       KITTI     Caltech   
CAM2      0.00      44.41     35.67     37.57     34.73     47.92     41.77     
INRIA     44.41     0.00      9.96      7.22      9.89      37.89     41.74     
VOC       35.67     9.96      0.00      2.99      6.05      40.18     41.76     
COCO      37.57     7.22      2.99      0.00      4.79      38.30     40.48     
SUN       34.73     9.89      6.05      4.79      0.00      34.13     35.85     
KITTI     47.92     37.89     40.18     38.30     34.13     0.00      9.67      
Caltech   41.77     41.74     41.76     40.48     35.85     9.67      0.00      


Learning Rate 10, Perplexity 20
          CAM2      INRIA     VOC       COCO      SUN       KITTI     Caltech   
CAM2      0.00      40.62     34.27     34.98     31.99     39.83     33.11     
INRIA     40.62     0.00      7.92      6.16      8.65      36.27     38.36     
VOC       34.27     7.92      0.00      2.23      5.29      37.84     38.18     
COCO      34.98     6.16      2.23      0.00      4.08      36.16     36.87     
SUN       31.99     8.65      5.29      4.08      0.00      32.60     32.93     
KITTI     39.83     36.27     37.84     36.16     32.60     0.00      8.46      
Caltech   33.11     38.36     38.18     36.87     32.93     8.46      0.00      


Learning Rate 10, Perplexity 23
          CAM2      INRIA     VOC       COCO      SUN       KITTI     Caltech   
CAM2      0.00      34.90     35.16     32.15     34.70     34.29     28.67     
INRIA     34.90     0.00      2.11      2.94      10.40     37.55     39.71     
VOC       35.16     2.11      0.00      3.17      8.38      35.93     38.41     
COCO      32.15     2.94      3.17      0.00      9.31      35.23     37.06     
SUN       34.70     10.40     8.38      9.31      0.00      28.36     31.84     
KITTI     34.29     37.55     35.93     35.23     28.36     0.00      8.18      
Caltech   28.67     39.71     38.41     37.06     31.84     8.18      0.00      


Learning Rate 10, Perplexity 26
          CAM2      INRIA     VOC       COCO      SUN       KITTI     Caltech   
CAM2      0.00      36.14     31.08     31.40     28.22     35.37     29.45     
INRIA     36.14     0.00      6.84      4.99      7.92      33.41     34.51     
VOC       31.08     6.84      0.00      2.88      4.98      35.20     34.92     
COCO      31.40     4.99      2.88      0.00      3.46      32.73     32.80     
SUN       28.22     7.92      4.98      3.46      0.00      30.37     29.94     
KITTI     35.37     33.41     35.20     32.73     30.37     0.00      7.06      
Caltech   29.45     34.51     34.92     32.80     29.94     7.06      0.00      


Learning Rate 10, Perplexity 29
          CAM2      INRIA     VOC       COCO      SUN       KITTI     Caltech   
CAM2      0.00      29.44     32.22     29.36     30.55     35.16     30.50     
INRIA     29.44     0.00      3.25      2.06      9.04      35.30     36.49     
VOC       32.22     3.25      0.00      2.90      7.86      35.00     36.82     
COCO      29.36     2.06      2.90      0.00      6.98      33.37     34.75     
SUN       30.55     9.04      7.86      6.98      0.00      27.23     29.49     
KITTI     35.16     35.30     35.00     33.37     27.23     0.00      7.13      
Caltech   30.50     36.49     36.82     34.75     29.49     7.13      0.00      


Learning Rate 10, Perplexity 32
          CAM2      INRIA     VOC       COCO      SUN       KITTI     Caltech   
CAM2      0.00      27.96     29.85     26.63     29.89     32.29     26.67     
INRIA     27.96     0.00      2.95      2.03      9.36      33.49     33.66     
VOC       29.85     2.95      0.00      3.28      7.14      32.34     33.13     
COCO      26.63     2.03      3.28      0.00      8.06      31.54     31.64     
SUN       29.89     9.36      7.14      8.06      0.00      25.80     27.48     
KITTI     32.29     33.49     32.34     31.54     25.80     0.00      7.25      
Caltech   26.67     33.66     33.13     31.64     27.48     7.25      0.00      


Learning Rate 10, Perplexity 35
          CAM2      INRIA     VOC       COCO      SUN       KITTI     Caltech   
CAM2      0.00      26.74     28.67     24.56     28.18     30.30     24.32     
INRIA     26.74     0.00      2.65      2.34      8.55      32.14     31.44     
VOC       28.67     2.65      0.00      4.20      6.92      31.52     31.39     
COCO      24.56     2.34      4.20      0.00      8.06      30.39     29.38     
SUN       28.18     8.55      6.92      8.06      0.00      25.06     25.74     
KITTI     30.30     32.14     31.52     30.39     25.06     0.00      6.97      
Caltech   24.32     31.44     31.39     29.38     25.74     6.97      0.00      


Learning Rate 10, Perplexity 38
          CAM2      INRIA     VOC       COCO      SUN       KITTI     Caltech   
CAM2      0.00      29.82     25.74     26.27     23.66     29.08     23.83     
INRIA     29.82     0.00      6.07      3.79      6.17      27.74     28.64     
VOC       25.74     6.07      0.00      3.04      4.14      29.78     29.42     
COCO      26.27     3.79      3.04      0.00      2.71      27.32     27.40     
SUN       23.66     6.17      4.14      2.71      0.00      25.67     25.29     
KITTI     29.08     27.74     29.78     27.32     25.67     0.00      6.20      
Caltech   23.83     28.64     29.42     27.40     25.29     6.20      0.00      


Learning Rate 10, Perplexity 41
          CAM2      INRIA     VOC       COCO      SUN       KITTI     Caltech   
CAM2      0.00      25.97     22.93     22.97     19.58     25.51     20.98     
INRIA     25.97     0.00      4.77      3.12      6.40      26.26     27.20     
VOC       22.93     4.77      0.00      2.65      4.82      27.85     27.83     
COCO      22.97     3.12      2.65      0.00      3.55      25.55     25.86     
SUN       19.58     6.40      4.82      3.55      0.00      23.31     23.04     
KITTI     25.51     26.26     27.85     25.55     23.31     0.00      5.69      
Caltech   20.98     27.20     27.83     25.86     23.04     5.69      0.00      


Learning Rate 10, Perplexity 44
          CAM2      INRIA     VOC       COCO      SUN       KITTI     Caltech   
CAM2      0.00      26.11     21.98     22.47     20.93     25.50     21.25     
INRIA     26.11     0.00      6.21      4.07      5.85      27.33     28.58     
VOC       21.98     6.21      0.00      2.67      6.71      29.05     29.08     
COCO      22.47     4.07      2.67      0.00      4.44      27.03     27.46     
SUN       20.93     5.85      6.71      4.44      0.00      22.60     23.21     
KITTI     25.50     27.33     29.05     27.03     22.60     0.00      5.74      
Caltech   21.25     28.58     29.08     27.46     23.21     5.74      0.00      


Learning Rate 10, Perplexity 47
          CAM2      INRIA     VOC       COCO      SUN       KITTI     Caltech   
CAM2      0.00      23.61     23.26     21.75     16.88     22.35     17.58     
INRIA     23.61     0.00      2.14      1.94      6.81      25.45     25.56     
VOC       23.26     2.14      0.00      2.10      6.43      26.94     26.69     
COCO      21.75     1.94      2.10      0.00      4.90      24.87     24.58     
SUN       16.88     6.81      6.43      4.90      0.00      23.00     21.72     
KITTI     22.35     25.45     26.94     24.87     23.00     0.00      5.50      
Caltech   17.58     25.56     26.69     24.58     21.72     5.50      0.00      


Learning Rate 10, Perplexity 50
          CAM2      INRIA     VOC       COCO      SUN       KITTI     Caltech   
CAM2      0.00      24.99     22.10     22.28     19.16     23.94     19.09     
INRIA     24.99     0.00      4.34      2.85      5.84      23.16     23.90     
VOC       22.10     4.34      0.00      2.23      3.84      24.58     24.32     
COCO      22.28     2.85      2.23      0.00      3.15      22.68     22.76     
SUN       19.16     5.84      3.84      3.15      0.00      21.16     20.58     
KITTI     23.94     23.16     24.58     22.68     21.16     0.00      5.61      
Caltech   19.09     23.90     24.32     22.76     20.58     5.61      0.00      


Learning Rate 20, Perplexity 5
          CAM2      INRIA     VOC       COCO      SUN       KITTI     Caltech   
CAM2      0.00      37.97     41.52     38.28     44.25     69.17     47.29     
INRIA     37.97     0.00      3.60      0.87      14.11     66.50     67.02     
VOC       41.52     3.60      0.00      3.26      12.89     66.76     69.25     
COCO      38.28     0.87      3.26      0.00      13.24     65.76     66.69     
SUN       44.25     14.11     12.89     13.24     0.00      54.67     62.10     
KITTI     69.17     66.50     66.76     65.76     54.67     0.00      39.34     
Caltech   47.29     67.02     69.25     66.69     62.10     39.34     0.00      


Learning Rate 20, Perplexity 8
          CAM2      INRIA     VOC       COCO      SUN       KITTI     Caltech   
CAM2      0.00      26.47     29.14     25.49     35.00     67.89     52.77     
INRIA     26.47     0.00      2.72      1.09      11.79     59.20     57.79     
VOC       29.14     2.72      0.00      3.65      9.86      58.35     58.42     
COCO      25.49     1.09      3.65      0.00      12.10     58.89     56.97     
SUN       35.00     11.79     9.86      12.10     0.00      49.43     53.35     
KITTI     67.89     59.20     58.35     58.89     49.43     0.00      31.90     
Caltech   52.77     57.79     58.42     56.97     53.35     31.90     0.00      


Learning Rate 20, Perplexity 11
          CAM2      INRIA     VOC       COCO      SUN       KITTI     Caltech   
CAM2      0.00      50.99     39.19     39.57     41.72     67.20     60.10     
INRIA     50.99     0.00      11.81     11.47     12.19     44.52     48.19     
VOC       39.19     11.81     0.00      0.65      7.71      46.23     46.80     
COCO      39.57     11.47     0.65      0.00      8.15      46.66     47.35     
SUN       41.72     12.19     7.71      8.15      0.00      38.51     39.43     
KITTI     67.20     44.52     46.23     46.66     38.51     0.00      12.35     
Caltech   60.10     48.19     46.80     47.35     39.43     12.35     0.00      


Learning Rate 20, Perplexity 14
          CAM2      INRIA     VOC       COCO      SUN       KITTI     Caltech   
CAM2      0.00      47.59     37.72     39.63     38.79     57.86     52.01     
INRIA     47.59     0.00      10.50     8.17      9.68      39.29     43.58     
VOC       37.72     10.50     0.00      2.52      6.90      42.49     44.29     
COCO      39.63     8.17      2.52      0.00      5.39      40.78     43.09     
SUN       38.79     9.68      6.90      5.39      0.00      35.59     37.69     
KITTI     57.86     39.29     42.49     40.78     35.59     0.00      10.64     
Caltech   52.01     43.58     44.29     43.09     37.69     10.64     0.00      


Learning Rate 20, Perplexity 17
          CAM2      INRIA     VOC       COCO      SUN       KITTI     Caltech   
CAM2      0.00      47.07     38.30     40.30     37.62     51.44     44.64     
INRIA     47.07     0.00      10.10     7.31      9.71      39.40     42.33     
VOC       38.30     10.10     0.00      2.93      6.48      42.14     42.84     
COCO      40.30     7.31      2.93      0.00      5.24      40.42     41.69     
SUN       37.62     9.71      6.48      5.24      0.00      35.66     36.54     
KITTI     51.44     39.40     42.14     40.42     35.66     0.00      9.54      
Caltech   44.64     42.33     42.84     41.69     36.54     9.54      0.00      


Learning Rate 20, Perplexity 20
          CAM2      INRIA     VOC       COCO      SUN       KITTI     Caltech   
CAM2      0.00      44.44     37.14     37.20     34.70     40.08     32.65     
INRIA     44.44     0.00      9.02      7.64      9.74      38.77     41.32     
VOC       37.14     9.02      0.00      2.61      5.34      39.72     40.25     
COCO      37.20     7.64      2.61      0.00      3.35      37.41     38.28     
SUN       34.70     9.74      5.34      3.35      0.00      34.40     35.00     
KITTI     40.08     38.77     39.72     37.41     34.40     0.00      9.10      
Caltech   32.65     41.32     40.25     38.28     35.00     9.10      0.00      


Learning Rate 20, Perplexity 23
          CAM2      INRIA     VOC       COCO      SUN       KITTI     Caltech   
CAM2      0.00      34.87     36.81     31.84     34.36     37.39     31.68     
INRIA     34.87     0.00      2.94      3.10      8.87      38.28     39.78     
VOC       36.81     2.94      0.00      5.17      7.34      37.28     39.37     
COCO      31.84     3.10      5.17      0.00      8.20      36.33     37.38     
SUN       34.36     8.87      7.34      8.20      0.00      29.97     32.38     
KITTI     37.39     38.28     37.28     36.33     29.97     0.00      8.03      
Caltech   31.68     39.78     39.37     37.38     32.38     8.03      0.00      


Learning Rate 20, Perplexity 26
          CAM2      INRIA     VOC       COCO      SUN       KITTI     Caltech   
CAM2      0.00      33.67     34.86     31.21     30.22     36.50     30.53     
INRIA     33.67     0.00      1.20      2.64      4.78      36.72     37.45     
VOC       34.86     1.20      0.00      3.76      5.78      37.36     38.28     
COCO      31.21     2.64      3.76      0.00      4.23      36.50     36.69     
SUN       30.22     4.78      5.78      4.23      0.00      32.32     32.75     
KITTI     36.50     36.72     37.36     36.50     32.32     0.00      7.66      
Caltech   30.53     37.45     38.28     36.69     32.75     7.66      0.00      


Learning Rate 20, Perplexity 29
          CAM2      INRIA     VOC       COCO      SUN       KITTI     Caltech   
CAM2      0.00      33.71     30.16     30.05     25.94     34.04     28.16     
INRIA     33.71     0.00      5.40      3.78      7.91      35.62     36.76     
VOC       30.16     5.40      0.00      2.98      4.74      37.30     37.36     
COCO      30.05     3.78      2.98      0.00      4.15      34.63     35.03     
SUN       25.94     7.91      4.74      4.15      0.00      33.51     33.05     
KITTI     34.04     35.62     37.30     34.63     33.51     0.00      7.57      
Caltech   28.16     36.76     37.36     35.03     33.05     7.57      0.00      


Learning Rate 20, Perplexity 32
          CAM2      INRIA     VOC       COCO      SUN       KITTI     Caltech   
CAM2      0.00      24.49     25.42     21.71     23.30     22.16     22.15     
INRIA     24.49     0.00      4.79      3.77      10.00     35.12     35.62     
VOC       25.42     4.79      0.00      4.13      5.98      32.76     33.33     
COCO      21.71     3.77      4.13      0.00      7.08      31.35     31.86     
SUN       23.30     10.00     5.98      7.08      0.00      27.24     27.84     
KITTI     22.16     35.12     32.76     31.35     27.24     0.00      0.75      
Caltech   22.15     35.62     33.33     31.86     27.84     0.75      0.00      


Learning Rate 20, Perplexity 35
          CAM2      INRIA     VOC       COCO      SUN       KITTI     Caltech   
CAM2      0.00      31.64     29.14     27.93     23.21     30.25     24.27     
INRIA     31.64     0.00      4.57      4.15      8.44      30.82     31.62     
VOC       29.14     4.57      0.00      2.17      6.60      32.76     32.61     
COCO      27.93     4.15      2.17      0.00      4.87      30.59     30.46     
SUN       23.21     8.44      6.60      4.87      0.00      27.63     26.66     
KITTI     30.25     30.82     32.76     30.59     27.63     0.00      7.00      
Caltech   24.27     31.62     32.61     30.46     26.66     7.00      0.00      


Learning Rate 20, Perplexity 38
          CAM2      INRIA     VOC       COCO      SUN       KITTI     Caltech   
CAM2      0.00      23.63     23.03     20.99     17.71     11.37     9.85      
INRIA     23.63     0.00      4.99      2.82      7.85      33.19     31.32     
VOC       23.03     4.99      0.00      4.22      5.38      33.53     31.71     
COCO      20.99     2.82      4.22      0.00      5.18      30.83     28.97     
SUN       17.71     7.85      5.38      5.18      0.00      28.41     26.63     
KITTI     11.37     33.19     33.53     30.83     28.41     0.00      1.88      
Caltech   9.85      31.32     31.71     28.97     26.63     1.88      0.00      


Learning Rate 20, Perplexity 41
          CAM2      INRIA     VOC       COCO      SUN       KITTI     Caltech   
CAM2      0.00      27.65     26.59     24.28     20.11     26.78     19.81     
INRIA     27.65     0.00      1.96      3.46      7.55      27.79     28.12     
VOC       26.59     1.96      0.00      2.44      6.60      28.62     28.43     
COCO      24.28     3.46      2.44      0.00      4.20      26.79     26.22     
SUN       20.11     7.55      6.60      4.20      0.00      24.75     23.15     
KITTI     26.78     27.79     28.62     26.79     24.75     0.00      7.87      
Caltech   19.81     28.12     28.43     26.22     23.15     7.87      0.00      


Learning Rate 20, Perplexity 44
          CAM2      INRIA     VOC       COCO      SUN       KITTI     Caltech   
CAM2      0.00      25.94     24.31     23.75     19.30     25.32     20.17     
INRIA     25.94     0.00      4.02      2.44      6.76      25.39     26.10     
VOC       24.31     4.02      0.00      2.55      5.37      27.68     27.58     
COCO      23.75     2.44      2.55      0.00      4.46      25.24     25.38     
SUN       19.30     6.76      5.37      4.46      0.00      23.75     22.89     
KITTI     25.32     25.39     27.68     25.24     23.75     0.00      6.09      
Caltech   20.17     26.10     27.58     25.38     22.89     6.09      0.00      


Learning Rate 20, Perplexity 47
          CAM2      INRIA     VOC       COCO      SUN       KITTI     Caltech   
CAM2      0.00      22.50     24.48     21.60     23.08     23.53     19.56     
INRIA     22.50     0.00      2.22      1.96      7.90      27.23     26.80     
VOC       24.48     2.22      0.00      2.99      7.34      27.55     27.49     
COCO      21.60     1.96      2.99      0.00      6.16      25.28     24.91     
SUN       23.08     7.90      7.34      6.16      0.00      20.64     21.18     
KITTI     23.53     27.23     27.55     25.28     20.64     0.00      4.62      
Caltech   19.56     26.80     27.49     24.91     21.18     4.62      0.00      


Learning Rate 20, Perplexity 50
          CAM2      INRIA     VOC       COCO      SUN       KITTI     Caltech   
CAM2      0.00      18.18     16.57     16.98     11.96     14.68     14.32     
INRIA     18.18     0.00      2.75      1.20      6.54      24.10     23.98     
VOC       16.57     2.75      0.00      2.17      4.61      24.17     24.01     
COCO      16.98     1.20      2.17      0.00      5.38      23.18     23.05     
SUN       11.96     6.54      4.61      5.38      0.00      20.72     20.52     
KITTI     14.68     24.10     24.17     23.18     20.72     0.00      0.40      
Caltech   14.32     23.98     24.01     23.05     20.52     0.40      0.00      


Learning Rate 30, Perplexity 5
          CAM2      INRIA     VOC       COCO      SUN       KITTI     Caltech   
CAM2      0.00      39.18     42.54     39.01     45.36     74.94     46.16     
INRIA     39.18     0.00      3.90      1.60      14.95     71.30     66.69     
VOC       42.54     3.90      0.00      3.54      12.40     69.97     67.84     
COCO      39.01     1.60      3.54      0.00      13.48     69.70     65.47     
SUN       45.36     14.95     12.40     13.48     0.00      58.12     61.19     
KITTI     74.94     71.30     69.97     69.70     58.12     0.00      44.16     
Caltech   46.16     66.69     67.84     65.47     61.19     44.16     0.00      


Learning Rate 30, Perplexity 8
          CAM2      INRIA     VOC       COCO      SUN       KITTI     Caltech   
CAM2      0.00      25.64     28.24     24.67     34.57     68.09     52.80     
INRIA     25.64     0.00      2.63      1.11      12.31     60.79     58.53     
VOC       28.24     2.63      0.00      3.58      10.58     60.23     59.36     
COCO      24.67     1.11      3.58      0.00      12.55     60.37     57.64     
SUN       34.57     12.31     10.58     12.55     0.00      50.84     54.12     
KITTI     68.09     60.79     60.23     60.37     50.84     0.00      31.74     
Caltech   52.80     58.53     59.36     57.64     54.12     31.74     0.00      


Learning Rate 30, Perplexity 11
          CAM2      INRIA     VOC       COCO      SUN       KITTI     Caltech   
CAM2      0.00      52.52     40.30     41.26     42.95     69.96     62.77     
INRIA     52.52     0.00      12.33     11.27     12.40     46.19     51.99     
VOC       40.30     12.33     0.00      1.76      8.77      49.17     51.40     
COCO      41.26     11.27     1.76      0.00      7.15      47.52     50.00     
SUN       42.95     12.40     8.77      7.15      0.00      40.40     43.05     
KITTI     69.96     46.19     49.17     47.52     40.40     0.00      14.98     
Caltech   62.77     51.99     51.40     50.00     43.05     14.98     0.00      


Learning Rate 30, Perplexity 14
          CAM2      INRIA     VOC       COCO      SUN       KITTI     Caltech   
CAM2      0.00      50.04     37.69     39.92     40.65     66.59     60.37     
INRIA     50.04     0.00      12.37     10.15     12.44     45.31     49.68     
VOC       37.69     12.37     0.00      2.24      7.15      46.10     47.33     
COCO      39.92     10.15     2.24      0.00      6.56      45.41     47.21     
SUN       40.65     12.44     7.15      6.56      0.00      38.98     40.67     
KITTI     66.59     45.31     46.10     45.41     38.98     0.00      12.31     
Caltech   60.37     49.68     47.33     47.21     40.67     12.31     0.00      


Learning Rate 30, Perplexity 17
          CAM2      INRIA     VOC       COCO      SUN       KITTI     Caltech   
CAM2      0.00      47.78     39.66     41.19     38.50     51.37     44.72     
INRIA     47.78     0.00      9.80      7.12      9.50      39.79     42.42     
VOC       39.66     9.80      0.00      3.04      6.87      42.88     43.49     
COCO      41.19     7.12      3.04      0.00      5.09      40.64     41.75     
SUN       38.50     9.50      6.87      5.09      0.00      36.01     36.75     
KITTI     51.37     39.79     42.88     40.64     36.01     0.00      9.04      
Caltech   44.72     42.42     43.49     41.75     36.75     9.04      0.00      


Learning Rate 30, Perplexity 20
          CAM2      INRIA     VOC       COCO      SUN       KITTI     Caltech   
CAM2      0.00      44.99     37.52     38.22     34.89     42.98     35.87     
INRIA     44.99     0.00      8.82      7.25      10.14     39.71     41.97     
VOC       37.52     8.82      0.00      2.07      5.68      40.63     40.99     
COCO      38.22     7.25      2.07      0.00      4.62      39.10     39.81     
SUN       34.89     10.14     5.68      4.62      0.00      35.02     35.33     
KITTI     42.98     39.71     40.63     39.10     35.02     0.00      8.86      
Caltech   35.87     41.97     40.99     39.81     35.33     8.86      0.00      


Learning Rate 30, Perplexity 23
          CAM2      INRIA     VOC       COCO      SUN       KITTI     Caltech   
CAM2      0.00      40.63     35.40     35.71     32.55     38.19     31.99     
INRIA     40.63     0.00      7.21      4.98      8.31      35.76     37.94     
VOC       35.40     7.21      0.00      3.96      6.89      37.64     38.35     
COCO      35.71     4.98      3.96      0.00      4.04      34.20     35.41     
SUN       32.55     8.31      6.89      4.04      0.00      30.76     31.57     
KITTI     38.19     35.76     37.64     34.20     30.76     0.00      7.82      
Caltech   31.99     37.94     38.35     35.41     31.57     7.82      0.00      


Learning Rate 30, Perplexity 26
          CAM2      INRIA     VOC       COCO      SUN       KITTI     Caltech   
CAM2      0.00      33.43     34.88     30.10     31.11     28.57     32.34     
INRIA     33.43     0.00      2.90      3.39      9.31      38.43     36.97     
VOC       34.88     2.90      0.00      5.08      7.77      37.62     35.76     
COCO      30.10     3.39      5.08      0.00      8.00      35.73     34.61     
SUN       31.11     9.31      7.77      8.00      0.00      29.96     27.99     
KITTI     28.57     38.43     37.62     35.73     29.96     0.00      5.59      
Caltech   32.34     36.97     35.76     34.61     27.99     5.59      0.00      


Learning Rate 30, Perplexity 29
          CAM2      INRIA     VOC       COCO      SUN       KITTI     Caltech   
CAM2      0.00      37.65     33.25     34.43     30.36     36.38     29.54     
INRIA     37.65     0.00      6.27      3.39      7.39      33.57     34.76     
VOC       33.25     6.27      0.00      3.50      4.03      35.52     35.31     
COCO      34.43     3.39      3.50      0.00      4.07      33.05     33.48     
SUN       30.36     7.39      4.03      4.07      0.00      31.82     31.34     
KITTI     36.38     33.57     35.52     33.05     31.82     0.00      7.92      
Caltech   29.54     34.76     35.31     33.48     31.34     7.92      0.00      


Learning Rate 30, Perplexity 32
          CAM2      INRIA     VOC       COCO      SUN       KITTI     Caltech   
CAM2      0.00      26.06     24.78     23.80     18.76     24.23     19.39     
INRIA     26.06     0.00      2.93      2.28      7.35      33.60     34.06     
VOC       24.78     2.93      0.00      2.97      6.19      34.57     34.47     
COCO      23.80     2.28      2.97      0.00      5.15      31.86     32.06     
SUN       18.76     7.35      6.19      5.15      0.00      29.56     28.82     
KITTI     24.23     33.60     34.57     31.86     29.56     0.00      6.68      
Caltech   19.39     34.06     34.47     32.06     28.82     6.68      0.00      


Learning Rate 30, Perplexity 35
          CAM2      INRIA     VOC       COCO      SUN       KITTI     Caltech   
CAM2      0.00      28.77     27.78     25.90     20.02     27.56     21.22     
INRIA     28.77     0.00      1.98      2.89      8.94      32.79     33.80     
VOC       27.78     1.98      0.00      2.68      7.76      33.55     34.09     
COCO      25.90     2.89      2.68      0.00      6.21      30.90     31.43     
SUN       20.02     8.94      7.76      6.21      0.00      29.76     28.67     
KITTI     27.56     32.79     33.55     30.90     29.76     0.00      8.23      
Caltech   21.22     33.80     34.09     31.43     28.67     8.23      0.00      


Learning Rate 30, Perplexity 38
          CAM2      INRIA     VOC       COCO      SUN       KITTI     Caltech   
CAM2      0.00      27.19     29.47     26.68     27.52     29.82     24.54     
INRIA     27.19     0.00      4.60      3.40      9.15      32.76     33.45     
VOC       29.47     4.60      0.00      2.82      5.86      30.48     32.10     
COCO      26.68     3.40      2.82      0.00      5.76      29.57     30.60     
SUN       27.52     9.15      5.86      5.76      0.00      24.66     26.60     
KITTI     29.82     32.76     30.48     29.57     24.66     0.00      7.20      
Caltech   24.54     33.45     32.10     30.60     26.60     7.20      0.00      


Learning Rate 30, Perplexity 41
          CAM2      INRIA     VOC       COCO      SUN       KITTI     Caltech   
CAM2      0.00      30.37     24.53     24.80     22.35     27.85     23.17     
INRIA     30.37     0.00      8.48      6.14      8.04      25.67     27.82     
VOC       24.53     8.48      0.00      3.25      5.30      28.30     28.66     
COCO      24.80     6.14      3.25      0.00      3.03      25.47     26.26     
SUN       22.35     8.04      5.30      3.03      0.00      23.00     23.43     
KITTI     27.85     25.67     28.30     25.47     23.00     0.00      6.08      
Caltech   23.17     27.82     28.66     26.26     23.43     6.08      0.00      


Learning Rate 30, Perplexity 44
          CAM2      INRIA     VOC       COCO      SUN       KITTI     Caltech   
CAM2      0.00      21.58     23.57     20.93     19.91     13.33     13.86     
INRIA     21.58     0.00      6.02      3.53      8.13      30.50     30.03     
VOC       23.57     6.02      0.00      3.29      4.66      30.01     29.27     
COCO      20.93     3.53      3.29      0.00      4.65      28.49     27.89     
SUN       19.91     8.13      4.66      4.65      0.00      25.42     24.65     
KITTI     13.33     30.50     30.01     28.49     25.42     0.00      1.48      
Caltech   13.86     30.03     29.27     27.89     24.65     1.48      0.00      


Learning Rate 30, Perplexity 47
          CAM2      INRIA     VOC       COCO      SUN       KITTI     Caltech   
CAM2      0.00      19.31     20.63     17.93     17.96     16.74     15.90     
INRIA     19.31     0.00      3.77      1.85      8.50      28.06     27.67     
VOC       20.63     3.77      0.00      3.43      5.96      26.98     26.70     
COCO      17.93     1.85      3.43      0.00      6.92      26.22     25.83     
SUN       17.96     8.50      5.96      6.92      0.00      21.37     21.17     
KITTI     16.74     28.06     26.98     26.22     21.37     0.00      0.89      
Caltech   15.90     27.67     26.70     25.83     21.17     0.89      0.00      


Learning Rate 30, Perplexity 50
          CAM2      INRIA     VOC       COCO      SUN       KITTI     Caltech   
CAM2      0.00      23.37     24.77     22.74     22.11     24.68     20.73     
INRIA     23.37     0.00      1.42      0.88      5.38      24.71     25.68     
VOC       24.77     1.42      0.00      2.07      6.20      25.60     26.77     
COCO      22.74     0.88      2.07      0.00      5.80      24.97     25.76     
SUN       22.11     5.38      6.20      5.80      0.00      19.40     20.71     
KITTI     24.68     24.71     25.60     24.97     19.40     0.00      5.34      
Caltech   20.73     25.68     26.77     25.76     20.71     5.34      0.00      


Learning Rate 40, Perplexity 5
          CAM2      INRIA     VOC       COCO      SUN       KITTI     Caltech   
CAM2      0.00      32.41     35.77     32.52     36.26     62.53     40.59     
INRIA     32.41     0.00      5.43      3.64      16.14     75.77     67.75     
VOC       35.77     5.43      0.00      3.28      12.05     74.13     68.89     
COCO      32.52     3.64      3.28      0.00      12.50     72.80     66.22     
SUN       36.26     16.14     12.05     12.50     0.00      63.46     62.82     
KITTI     62.53     75.77     74.13     72.80     63.46     0.00      37.32     
Caltech   40.59     67.75     68.89     66.22     62.82     37.32     0.00      


Learning Rate 40, Perplexity 8
          CAM2      INRIA     VOC       COCO      SUN       KITTI     Caltech   
CAM2      0.00      16.56     8.12      12.35     13.09     64.80     62.87     
INRIA     16.56     0.00      9.44      4.88      13.96     58.39     61.43     
VOC       8.12      9.44      0.00      4.65      7.77      58.74     58.77     
COCO      12.35     4.88      4.65      0.00      9.72      57.72     59.26     
SUN       13.09     13.96     7.77      9.72      0.00      51.79     51.05     
KITTI     64.80     58.39     58.74     57.72     51.79     0.00      19.08     
Caltech   62.87     61.43     58.77     59.26     51.05     19.08     0.00      


Learning Rate 40, Perplexity 11
          CAM2      INRIA     VOC       COCO      SUN       KITTI     Caltech   
CAM2      0.00      50.85     39.57     40.61     41.20     66.19     59.91     
INRIA     50.85     0.00      11.83     10.37     10.91     44.63     50.78     
VOC       39.57     11.83     0.00      2.06      7.89      48.69     51.69     
COCO      40.61     10.37     2.06      0.00      6.04      46.78     50.08     
SUN       41.20     10.91     7.89      6.04      0.00      40.79     44.13     
KITTI     66.19     44.63     48.69     46.78     40.79     0.00      14.07     
Caltech   59.91     50.78     51.69     50.08     44.13     14.07     0.00      


Learning Rate 40, Perplexity 14
          CAM2      INRIA     VOC       COCO      SUN       KITTI     Caltech   
CAM2      0.00      49.91     38.48     40.87     39.69     61.70     55.41     
INRIA     49.91     0.00      11.85     9.04      11.53     43.95     48.28     
VOC       38.48     11.85     0.00      3.44      7.58      46.57     48.10     
COCO      40.87     9.04      3.44      0.00      5.34      43.98     46.14     
SUN       39.69     11.53     7.58      5.34      0.00      38.99     40.83     
KITTI     61.70     43.95     46.57     43.98     38.99     0.00      11.47     
Caltech   55.41     48.28     48.10     46.14     40.83     11.47     0.00      


Learning Rate 40, Perplexity 17
          CAM2      INRIA     VOC       COCO      SUN       KITTI     Caltech   
CAM2      0.00      45.52     35.61     38.05     36.83     58.95     51.64     
INRIA     45.52     0.00      10.27     7.64      9.96      42.36     45.24     
VOC       35.61     10.27     0.00      2.66      6.86      44.91     45.13     
COCO      38.05     7.64      2.66      0.00      6.02      43.73     44.61     
SUN       36.83     9.96      6.86      6.02      0.00      38.05     38.60     
KITTI     58.95     42.36     44.91     43.73     38.05     0.00      11.65     
Caltech   51.64     45.24     45.13     44.61     38.60     11.65     0.00      


Learning Rate 40, Perplexity 20
          CAM2      INRIA     VOC       COCO      SUN       KITTI     Caltech   
CAM2      0.00      36.03     38.20     34.52     32.33     19.84     23.15     
INRIA     36.03     0.00      9.46      5.81      11.11     43.13     45.16     
VOC       38.20     9.46      0.00      4.90      6.23      40.68     42.12     
COCO      34.52     5.81      4.90      0.00      5.43      39.10     40.87     
SUN       32.33     11.11     6.23      5.43      0.00      34.59     36.14     
KITTI     19.84     43.13     40.68     39.10     34.59     0.00      3.32      
Caltech   23.15     45.16     42.12     40.87     36.14     3.32      0.00      


Learning Rate 40, Perplexity 23
          CAM2      INRIA     VOC       COCO      SUN       KITTI     Caltech   
CAM2      0.00      40.64     35.99     35.75     32.44     37.39     31.78     
INRIA     40.64     0.00      6.22      5.07      8.45      36.92     38.17     
VOC       35.99     6.22      0.00      2.64      6.60      38.07     38.24     
COCO      35.75     5.07      2.64      0.00      4.51      35.64     36.03     
SUN       32.44     8.45      6.60      4.51      0.00      31.54     31.64     
KITTI     37.39     36.92     38.07     35.64     31.54     0.00      6.65      
Caltech   31.78     38.17     38.24     36.03     31.64     6.65      0.00      


Learning Rate 40, Perplexity 26
          CAM2      INRIA     VOC       COCO      SUN       KITTI     Caltech   
CAM2      0.00      33.32     36.06     32.13     31.85     34.55     31.98     
INRIA     33.32     0.00      3.63      3.17      8.57      37.54     38.29     
VOC       36.06     3.63      0.00      4.00      7.72      37.02     38.12     
COCO      32.13     3.17      4.00      0.00      5.44      34.40     35.21     
SUN       31.85     8.57      7.72      5.44      0.00      29.34     30.40     
KITTI     34.55     37.54     37.02     34.40     29.34     0.00      3.72      
Caltech   31.98     38.29     38.12     35.21     30.40     3.72      0.00      


Learning Rate 40, Perplexity 29
          CAM2      INRIA     VOC       COCO      SUN       KITTI     Caltech   
CAM2      0.00      33.93     25.22     28.52     27.52     36.33     29.64     
INRIA     33.93     0.00      11.42     5.82      8.09      37.98     38.38     
VOC       25.22     11.42     0.00      5.94      11.07     40.40     38.38     
COCO      28.52     5.82      5.94      0.00      6.50      37.40     36.55     
SUN       27.52     8.09      11.07     6.50      0.00      31.01     30.63     
KITTI     36.33     37.98     40.40     37.40     31.01     0.00      8.30      
Caltech   29.64     38.38     38.38     36.55     30.63     8.30      0.00      


Learning Rate 40, Perplexity 32
          CAM2      INRIA     VOC       COCO      SUN       KITTI     Caltech   
CAM2      0.00      31.26     25.52     25.08     23.25     26.72     27.30     
INRIA     31.26     0.00      9.33      6.67      8.15      35.03     34.10     
VOC       25.52     9.33      0.00      4.36      5.50      36.57     35.98     
COCO      25.08     6.67      4.36      0.00      2.02      32.98     32.29     
SUN       23.25     8.15      5.50      2.02      0.00      31.23     30.60     
KITTI     26.72     35.03     36.57     32.98     31.23     0.00      1.53      
Caltech   27.30     34.10     35.98     32.29     30.60     1.53      0.00      


Learning Rate 40, Perplexity 35
          CAM2      INRIA     VOC       COCO      SUN       KITTI     Caltech   
CAM2      0.00      22.22     20.84     20.64     15.99     23.02     17.34     
INRIA     22.22     0.00      2.60      1.61      6.51      30.72     30.13     
VOC       20.84     2.60      0.00      1.82      4.85      31.42     30.22     
COCO      20.64     1.61      1.82      0.00      4.90      29.93     29.02     
